4.096000000000000000e+03
8.192000000000000000e+03
1.024000000000000000e+03
2.048000000000000000e+03
8.192000000000000000e+03
4.096000000000000000e+03
4.096000000000000000e+03
2.048000000000000000e+03
2.048000000000000000e+03
2.048000000000000000e+03
2.048000000000000000e+03
4.096000000000000000e+03
2.048000000000000000e+03
2.048000000000000000e+03
4.096000000000000000e+03
2.048000000000000000e+03
2.048000000000000000e+03
2.048000000000000000e+03
2.048000000000000000e+03
2.048000000000000000e+03
4.096000000000000000e+03
5.120000000000000000e+02
4.096000000000000000e+03
2.048000000000000000e+03
2.048000000000000000e+03
2.048000000000000000e+03
4.096000000000000000e+03
4.096000000000000000e+03
2.048000000000000000e+03
4.096000000000000000e+03
4.096000000000000000e+03
1.024000000000000000e+03
4.096000000000000000e+03
4.096000000000000000e+03
4.096000000000000000e+03
2.048000000000000000e+03
4.096000000000000000e+03
2.048000000000000000e+03
2.048000000000000000e+03
4.096000000000000000e+03
2.048000000000000000e+03
1.024000000000000000e+03
4.096000000000000000e+03
4.096000000000000000e+03
2.048000000000000000e+03
4.096000000000000000e+03
4.096000000000000000e+03
2.048000000000000000e+03
2.048000000000000000e+03
2.048000000000000000e+03
