2.910000000000000000e+02
3.070000000000000000e+02
3.100000000000000000e+02
3.310000000000000000e+02
2.490000000000000000e+02
2.750000000000000000e+02
2.500000000000000000e+02
3.480000000000000000e+02
2.910000000000000000e+02
2.800000000000000000e+02
3.370000000000000000e+02
3.120000000000000000e+02
2.830000000000000000e+02
3.170000000000000000e+02
2.510000000000000000e+02
2.630000000000000000e+02
3.440000000000000000e+02
2.570000000000000000e+02
3.080000000000000000e+02
3.390000000000000000e+02
3.120000000000000000e+02
3.270000000000000000e+02
2.940000000000000000e+02
3.450000000000000000e+02
2.540000000000000000e+02
2.660000000000000000e+02
2.640000000000000000e+02
2.560000000000000000e+02
3.150000000000000000e+02
3.390000000000000000e+02
3.120000000000000000e+02
2.580000000000000000e+02
2.640000000000000000e+02
2.480000000000000000e+02
2.640000000000000000e+02
2.540000000000000000e+02
3.020000000000000000e+02
2.960000000000000000e+02
3.430000000000000000e+02
2.530000000000000000e+02
2.740000000000000000e+02
2.650000000000000000e+02
2.690000000000000000e+02
3.110000000000000000e+02
2.630000000000000000e+02
3.040000000000000000e+02
3.460000000000000000e+02
2.750000000000000000e+02
3.330000000000000000e+02
3.100000000000000000e+02
