4.780000000000000000e+02
5.040000000000000000e+02
6.520000000000000000e+02
4.720000000000000000e+02
4.690000000000000000e+02
5.090000000000000000e+02
6.610000000000000000e+02
6.630000000000000000e+02
5.020000000000000000e+02
5.010000000000000000e+02
4.830000000000000000e+02
5.070000000000000000e+02
5.260000000000000000e+02
6.730000000000000000e+02
5.250000000000000000e+02
5.290000000000000000e+02
5.010000000000000000e+02
6.030000000000000000e+02
5.950000000000000000e+02
5.050000000000000000e+02
5.270000000000000000e+02
0.000000000000000000e+00
6.560000000000000000e+02
5.180000000000000000e+02
5.170000000000000000e+02
5.540000000000000000e+02
5.230000000000000000e+02
5.140000000000000000e+02
5.100000000000000000e+02
4.760000000000000000e+02
5.250000000000000000e+02
5.230000000000000000e+02
5.370000000000000000e+02
6.230000000000000000e+02
5.210000000000000000e+02
5.080000000000000000e+02
4.880000000000000000e+02
4.880000000000000000e+02
5.200000000000000000e+02
5.400000000000000000e+02
6.210000000000000000e+02
5.230000000000000000e+02
5.010000000000000000e+02
4.850000000000000000e+02
5.390000000000000000e+02
6.260000000000000000e+02
6.210000000000000000e+02
4.950000000000000000e+02
6.830000000000000000e+02
6.190000000000000000e+02
