9.430000000000000000e+02
1.017000000000000000e+03
0.000000000000000000e+00
1.216000000000000000e+03
1.028000000000000000e+03
1.003000000000000000e+03
9.690000000000000000e+02
1.241000000000000000e+03
9.710000000000000000e+02
9.310000000000000000e+02
1.088000000000000000e+03
1.094000000000000000e+03
9.760000000000000000e+02
9.690000000000000000e+02
1.016000000000000000e+03
1.044000000000000000e+03
9.310000000000000000e+02
9.500000000000000000e+02
9.750000000000000000e+02
9.980000000000000000e+02
9.740000000000000000e+02
0.000000000000000000e+00
1.014000000000000000e+03
1.009000000000000000e+03
9.800000000000000000e+02
1.028000000000000000e+03
1.127000000000000000e+03
9.510000000000000000e+02
1.124000000000000000e+03
9.760000000000000000e+02
9.620000000000000000e+02
0.000000000000000000e+00
1.006000000000000000e+03
1.269000000000000000e+03
1.001000000000000000e+03
1.173000000000000000e+03
1.186000000000000000e+03
9.690000000000000000e+02
1.006000000000000000e+03
1.016000000000000000e+03
9.810000000000000000e+02
0.000000000000000000e+00
9.780000000000000000e+02
1.091000000000000000e+03
9.720000000000000000e+02
9.740000000000000000e+02
9.980000000000000000e+02
9.610000000000000000e+02
1.038000000000000000e+03
1.006000000000000000e+03
